A:2x3
3,-2
-1,4
5,6
B:3x2
0,2,-1
4,5,0
C:2x2
2,3
4,-1
D:2x3
1,-2
-4,3
-3,2
E:4x4
2.5,3.7,-8.1,-2
4.2,5.3,-2.8,-3.6
5.1,-6.2,0,-1.7
-4.3,2.1,3.3,5
F:4x4
3,6.1,5.4,-1.2
-2.6,-1.8,-0.4,2.8
5,-3.2,0,4.1
2.7,0,-1.2,-3.4
G:1x4
2
0
-3.5
3
H:2x2
2,-10
-1,5
I:6x6
0,2,0,1,0,0
1,0,1,0,1,0
0,1,0,0,0,0
1,0,0,0,1,0
0,1,0,1,0,2
0,0,0,0,2,0
J:10x10
1,0,0,0,0,0,0,0,0,0
0,1,0,0,0,0,0,0,0,0
0,0,1,0,0,0,0,0,0,0
0,0,0,1,0,0,0,0,0,0
0,0,0,0,1,0,0,0,0,0
0,0,0,0,0,1,0,0,0,0
0,0,0,0,0,0,1,0,0,0
0,0,0,0,0,0,0,1,0,0
0,0,0,0,0,0,0,0,1,0
0,0,0,0,0,0,0,0,0,1
